#    Dist               Vegas           Home       Dipolapprox
   1.158842         2.835099       2.929976      1.285160
   1.316684         1.670750       1.667226      0.876163
   1.474526         1.076456       1.097884      0.623839
   1.632368         0.732281       0.661593      0.459807
   1.790211         0.520034       0.526651      0.348592
   1.948053         0.391121       0.355647      0.270538
   2.105895         0.298976       0.298850      0.214151
   2.263737         0.237991       0.197761      0.172406
   2.421579         0.184616       0.198287      0.140843
   2.579421         0.147427       0.144113      0.116537
   2.737263         0.121864       0.140858      0.097517
   2.895105         0.102201       0.087016      0.082421
   3.052947         0.085075       0.105916      0.070287
   3.210789         0.075632       0.066117      0.060422
   3.368632         0.063604       0.077415      0.052320
   3.526474         0.051832       0.034575      0.045605
   3.684316         0.045824       0.077360      0.039991
   3.842158         0.042878       0.040759      0.035262
   4.000000         0.037273       0.041994      0.031250
   4.157842         0.033253       0.042187      0.027824
